0 0.20347807502388857 0.03849287773919084 0.013071173676737654
1 0.37093388694512097 0.051630825318776045 0.015294004192092023
2 0.4166578905667913 0.07437334740589038 0.0169512172695736
3 0.44458299106419225 0.13034941178643444 0.015427641031104306
4 0.5390956580265778 0.20173385578998793 0.01925947278423315
5 0.603987614164336 0.24784259337616188 0.032157181437836205
6 0.6338402030978093 0.31192152383447075 0.038525628864332126
7 0.6338376469184414 0.35186300158830114 0.040758922097318816
8 0.7131634376761883 0.377459247120672 0.030836677031146814
9 0.7131635743058831 0.390187380526155 0.03255403120926301
10 0.7739628666304712 0.4086947384396788 0.036423730241208575
11 0.9154501248922964 0.42722116229468676 0.03969205748112857
12 0.9154453130597039 0.45926112090457744 0.03928977665966606
13 0.9154482079548412 0.4962153746755555 0.03767568438325396
14 0.9223352001138233 0.5106836176431234 0.03815916339557447
15 0.9407187865729103 0.5469213498518928 0.03722413419267212
16 0.9279615952920457 0.5771546341405842 0.0392436570732195
17 0.9377946203946308 0.6218614945166296 0.03958655253446285
18 0.9500414237768943 0.6786663828863148 0.03846341296135756
19 0.9500415470197888 0.7015343302795093 0.03930722537121526
20 0.9497549621723843 0.7357110638815478 0.0384935036793648
21 0.9497581865131977 0.7737928068786811 0.12342870271498113
22 0.9495862731170034 0.7613178992658703 0.03944027660920304
23 0.9418540555037874 0.77399954428646 0.03932551427461724
24 0.9564045494783341 0.7849537969978994 0.040976014391446464
25 0.9564455507147328 0.7825862110025973 0.03963402517168305
26 0.9928075069462674 0.7894312467377815 0.038797282145501065
27 0.9627200203732773 0.8125605996524351 0.03859110188462423
28 0.9857095820145166 0.826076189120481 0.03794780275276594
29 0.9877620180394969 0.8179629965145905 0.04106224958881612
30 0.9787533252365427 0.8215136856953542 0.03600051083220316
31 0.9579266253476575 0.8237737409368364 0.03931447080575371
32 0.96311597743671 0.8491036510319196 0.038677625236037155
33 0.9869840274424397 0.839977270886909 0.03957903417964944
34 0.9869923504886123 0.8304625304268143 0.040097288365061906
35 0.9869912904315925 0.82482139106893 0.039553125459726404
36 0.9869914892198632 0.8496981361120794 0.039570314897102346
37 0.9835185025508543 0.8271953111316624 0.04701177650396223
38 0.9955993864703665 0.8254535811814756 0.03835175640130027
39 0.9941600091410766 0.8333476820849774 0.046612780145488523
40 0.9856224542119298 0.8514834071659734 0.04201196288967139
41 0.9882447862275392 0.8223054361291373 0.03836563088227347
42 0.9882761230230279 0.8301078988459595 0.03869217731569597
43 0.9915730883119176 0.8298931909542511 0.04007840432614633
44 0.9929180415854029 0.822539208200635 0.03928422084444234
45 0.9915699776056284 0.8266965370969289 0.04017909960297576
46 0.9928215409998434 0.8259083783425697 0.03940706590091938
47 0.9930717946960238 0.8283712351803403 0.041089128831803615
48 0.9930689001447451 0.8266034194940326 0.03849384293768245
49 0.9926931440300767 0.8311238218535771 0.041957565873268314
50 0.9951768128318261 0.8386985618472199 0.03872021961895547
51 0.9920106388983105 0.857445237151393 0.11677756142205033
52 0.9937432454542389 0.8443719511512063 0.040593230763223596
53 0.9925924137605403 0.8570112431632014 0.03942204159530777
54 0.9925913039494789 0.8426234048454981 0.03964743896859854
55 0.9926394597316746 0.8584451868197207 0.039002832205135646
56 0.9936837217450273 0.8571881046979566 0.04091289562997606
57 0.9936167568836198 0.8561898534957705 0.039556387674449196
58 0.9967228561258209 0.8448116278825246 0.038457599455323906
59 0.995779106410261 0.8420823042219671 0.038878948589308
60 0.9936285157869719 0.8500240581133413 0.04316656637752842
61 0.9927508259062742 0.8441984376775875 0.03870790761281156
62 0.9926816906982727 0.851559074113773 0.03860602047936793
63 0.9935377227341804 0.8734474275862298 0.04093444862261942
64 0.9938301353934625 0.8626349249182741 0.03871425019964874
65 0.9933582989170899 0.8687269946317477 0.0387065746949577
66 0.985972455115354 0.852457673442213 0.03932865150511921
67 0.9871608171573597 0.8732768134477733 0.038545096058052584
68 0.9835424443358188 0.8475562204728991 0.038374404287578365
69 0.9877797430920463 0.8843314132119019 0.11979226950894599
70 0.9863058377958539 0.8700720346727603 0.038665300457354605
71 0.9966733008188888 0.8752821124334786 0.038457384854621676
72 0.9964801606713658 0.8844987670035849 0.1321808054152931
73 0.9964789704558106 0.8545933651958519 0.039346934470668664
74 0.9979620181651523 0.860391291027789 0.03157588738087914
75 0.9964604594147464 0.8615079541504609 0.12063681341859928
76 0.9967162108911312 0.8542261545680476 0.038411862676584425
77 0.9965834028090887 0.8665018800410885 0.04050913402345441
78 0.9965905551796781 0.8562514138288403 0.038506372544054146
79 0.9986113460210017 0.8811305737371867 0.03899442481531622
80 0.9986244661107652 0.8752337259704716 0.03942300481996654
81 0.9985581547146732 0.8635903905232912 0.038340017447481764
82 0.9986331804144158 0.8535813877075131 0.04014042786344928
83 0.9964853987811884 0.8467033862226468 0.038976080458631934
84 0.9980806527081839 0.8742893017312195 0.038733715973410514
85 0.9982552996756452 0.8650746797420719 0.03872392319756776
86 0.9983453922367533 0.8703104691538797 0.03852439360307936
87 0.9979431857642607 0.9006678170832414 0.0386702216815503
88 0.9976905139857117 0.8981167096813527 0.038432651819453274
89 0.997737281162952 0.8817786294175943 0.040886587609667215
90 0.9964925217010269 0.8815489691377226 0.04143242046015987
91 0.9962373232904415 0.8910510013797004 0.11682244754137046
92 0.9919031575659006 0.8848243437725374 0.03983643508782906
93 0.9965164071851037 0.8468636150270907 0.038636934865827165
94 0.9965588173666694 0.8631790194081913 0.031365108667750115
95 0.9965101969691819 0.8747184066981804 0.03869015379428158
96 0.9985794974027827 0.8846360346608567 0.038739872339150376
97 0.9984179825270757 0.8814718636000578 0.03655649994428595
98 0.998858414301009 0.8872423086510861 0.03821156121740541
99 0.9987012940040543 0.8944562285894182 0.03874596048734592
100 0.998701288367004 0.8992883385268956 0.04063179859848706
101 0.9987645274256246 0.8871891533706386 0.0199553601477156
102 0.9987644320022292 0.8890305997261229 0.02062539692873774
103 0.9986483976323812 0.9182857265206141 0.038844086756504595
104 0.997961695617944 0.9043159899250576 0.03870095491971248
105 0.9987608633186906 0.889403647805825 0.03868105807917447
106 0.9988834460846883 0.8835215818150199 0.0387117176457366
107 0.9989167471729078 0.8713498251630449 0.037286138315273325
108 0.9989099892513399 0.8810615390738463 0.03941545232304573
109 0.998711564711583 0.8728140315398675 0.03879391750962938
110 0.9982977162995856 0.8961125807548375 0.03865308049089495
111 0.9985746788729494 0.8961364209445485 0.038664579105469415
112 0.9986899151648266 0.8872294500225759 0.03843625046735375
113 0.9981762511555108 0.8861241810061656 0.03875961557510789
114 0.9973067616427033 0.8888091081059948 0.03847884538743419
115 0.9968783822397261 0.8949625756687977 0.03611423590219383
116 0.996955334098427 0.9150944849889449 0.039678579328476724
117 0.9981897206088695 0.900812022268966 0.03842134853703892
118 0.9983723925390855 0.900134859592861 0.03872029073047857
119 0.9992880391406275 0.8697956461458983 0.03872015078521328
120 0.9990108228202365 0.8862668550147018 0.030914712770627507
121 0.9988641729917861 0.8879769832317568 0.03814202901303891
122 0.9990219603694407 0.8884629523276532 0.038508667773917045
123 0.9981266411399722 0.8616986541840835 0.038878978138176506
124 0.9979170547947978 0.8592041269833096 0.038493509808798856
125 0.9987051912538801 0.8656405747408928 0.038632107613441685
126 0.9993095006261005 0.8791373604620089 0.03856201782142894
127 0.9985589259290016 0.9063001116748096 0.03992679647863264
128 0.9994330486542918 0.9021152378730914 0.038684726773535724
129 0.9993145769894204 0.8869443787932372 0.037923448421203106
130 0.9992127315689651 0.8892667672710792 0.0385610991079375
131 0.999199042171006 0.8942298748463752 0.038702322226946494
132 0.9991343023525706 0.9011088079367545 0.03864822693633575
133 0.9992113266220919 0.9161733133519866 0.13413202122294324
134 0.9991303026891594 0.9060364797189743 0.03704282347505213
135 0.9988321709394329 0.9065374021310633 0.038862578010729086
136 0.9991636518837093 0.9053877138194276 0.13319604613159067
137 0.9989752667333341 0.8811631212343916 0.03832497058844755
138 0.9990871635210778 0.9178041334835194 0.038701201625274684
139 0.9988442951765691 0.9119562578503775 0.03884590610753927
140 0.9983416331848534 0.9046629452600128 0.036455452104799155
141 0.9980491567045233 0.8986078677166541 0.03889184063844239
142 0.9982216326955652 0.8656848833448876 0.0384747248668578
143 0.9979318072066988 0.9109762408790452 0.038471402620304955
144 0.9973799643100556 0.9074305818288332 0.04002148943765906
145 0.997822687263733 0.8968187584944317 0.03855045115828272
146 0.9978300215876904 0.9096070434238809 0.03897953691562149
147 0.9983918209362297 0.8712729119111884 0.038843539115687324
148 0.9986209379775839 0.8899092278172308 0.03860608176153024
149 0.9983809174798737 0.8916493881983443 0.031219050480540626
150 0.9990502033007091 0.8898667455671848 0.03629785984173343
151 0.9991164296754999 0.8913937787448676 0.03851161038363109
152 0.9991111979802827 0.893904342425703 0.03114156638857045
153 0.998813301258201 0.8952718373032197 0.03874449375457234
154 0.9983362080895711 0.9077714681530508 0.03854587006681695
155 0.998817565687364 0.9048169343258715 0.039056340181665886
156 0.9985539021944829 0.8944429104271489 0.03873430336041412
157 0.9982603181169729 0.8871924136594919 0.03868171829868874
158 0.9982595421679009 0.918939741936903 0.03206561879325753
159 0.9990507565181992 0.8878416106890827 0.020631754120046558
160 0.998584711969929 0.8978894767548229 0.038678596279755145
161 0.9986762803226579 0.9006079769536318 0.039239268471312164
162 0.999172425223425 0.8966160973069148 0.038563409257820466
163 0.9975965411747579 0.920807674043639 0.03886728368930558
164 0.9967716475531854 0.9182046364499974 0.03858718320982207
165 0.9983341678622193 0.8934414460322077 0.03847100872194224
166 0.9985446494733466 0.9330382340799167 0.03906609607442197
167 0.9971751501438505 0.9389536758513027 0.03891865780107497
168 0.9983002544809066 0.918053743024168 0.04005118864549409
169 0.998412984928961 0.9040023413498117 0.038642530012920444
170 0.996715331161324 0.888903516941037 0.03919726925791822
171 0.9963667801883971 0.8764685728876311 0.038511302762118074
172 0.9971513305869159 0.8916455236830481 0.040012908000911576
173 0.9986975352359954 0.8933901021535374 0.03995117694067348
174 0.9987866874416649 0.9066489247249045 0.038655116247812094
175 0.9974401921362493 0.8869610914214989 0.03883838243478748
176 0.9991050995428651 0.9012627763704733 0.039038171028803276
177 0.999132081014431 0.8980584136830134 0.03887685920659408
178 0.9982261789654854 0.9004555393662064 0.03146509878696611
179 0.9967849692030881 0.8959897098699492 0.12274022281875067
180 0.9974931592343832 0.8937295866772043 0.03882690525824481
181 0.9983970281110767 0.8776236717314525 0.03237578463971282
182 0.9976396100538808 0.8976552996762182 0.03864284012598025
183 0.9982793051269884 0.8834983192446245 0.038919029316010316
184 0.9978782904179265 0.9012767978671237 0.03938431209718572
185 0.9979972756678464 0.8767273862989061 0.03868290893086938
186 0.9985199026015555 0.9072094778134258 0.039280281664430435
187 0.9991059754366305 0.8991540732210597 0.03928717620887372
188 0.9990823318711467 0.9080252597913107 0.03056460400370805
189 0.9988598291250763 0.8889855922491655 0.03883711539637313
190 0.9988203308206471 0.9006287705357177 0.03857044926400776
191 0.9985842837639836 0.9008723994067411 0.0381380944014849
192 0.9987273664492793 0.9091455118020552 0.03867876005705976
193 0.9984599535507385 0.9196732818454798 0.04292054770713859
194 0.998962111980512 0.882028530640804 0.038442395720918156
195 0.9989606467182078 0.8852367392601207 0.03880581324110066
196 0.998963561195373 0.9069931970015443 0.019837909304528945
197 0.9987629608924105 0.9278802441404587 0.038834784704438116
198 0.9991639205398435 0.9276764069327753 0.129992798200284
199 0.999425051488697 0.8953481247690696 0.038636339039404076
200 0.9995972351465131 0.8780292830073884 0.038636988992935724
201 0.9991102650715051 0.8794345582795136 0.03858826399412605
202 0.9989644846624438 0.9305315274289236 0.038657856207945006
203 0.9989857492867423 0.9296688895657884 0.12120520693122258
204 0.9992632263299479 0.9145919053551195 0.031176865640782106
205 0.9992631616039385 0.8952486378159111 0.038664529770429994
206 0.9986550528688184 0.8933085039564965 0.0389802447328827
207 0.998911200609238 0.8758617452135536 0.03854603011562718
208 0.9996063218245184 0.9013313046837759 0.039315532488689894
209 0.9996469613181054 0.890651683791428 0.03853180209151196
210 0.9996219985981465 0.9341297371159388 0.13351880449142056
211 0.9994531479823802 0.9266476228771882 0.038733808507012926
212 0.9992622001579817 0.8959516932276957 0.03871739999028291
213 0.99807136145546 0.9242159116470567 0.03899951262561709
214 0.9984301126201018 0.8950829831502864 0.03697104661341159
215 0.9989319223423481 0.9019638713121999 0.039002573970720045
216 0.9992112920390254 0.918755229881745 0.03861784318737023
217 0.9992113435243998 0.9079677321791858 0.03861731510625908
218 0.999718566033191 0.8986210578590865 0.031226287951568205
219 0.9996766226989576 0.9142246109317331 0.03862025796504657
220 0.9977213308789128 0.9134980295317641 0.03809084505289012
221 0.9993902128392556 0.9133905962672496 0.038189375681184586
222 0.9992111972624654 0.898381873047665 0.03848164088876563
223 0.999216176659772 0.9113432276203223 0.039321312638518416
224 0.9979510493975169 0.903558509848865 0.03860655395577231
225 0.9980118010888946 0.9053087307333421 0.03847079539698139
226 0.9984513824991474 0.8973671394695651 0.03890467639642915
227 0.9989084663858183 0.9191524835500211 0.03879192361661915
228 0.9980017600509467 0.9183267954547523 0.03887646255693103
229 0.9980532727990815 0.9270510993695337 0.03997608587205567
230 0.9995014261478962 0.9074390420591364 0.038957697492448956
231 0.9995022499132504 0.8817458659966642 0.038410817797697304
232 0.9996833073627457 0.9047769095281945 0.0382719270724731
233 0.999609963806974 0.8961613645632341 0.038272068016275446
234 0.9996070272406361 0.9029328980113525 0.038587175791363
235 0.9996080400465911 0.9039695353917029 0.030673470275431877
236 0.9995865172812498 0.9168390238910894 0.038664719616250585
237 0.9988380631338546 0.929152630619391 0.039249165438191715
238 0.9992808714030729 0.9281765575512992 0.03844568456220382
239 0.9981256077933348 0.9229847487526786 0.03845965445481829
240 0.9981256077933348 0.9107088282182495 0.03850089397332126
241 0.9997947568568468 0.9148429618479351 0.11859702178900088
242 0.9993411837206952 0.8831484661695765 0.03959157191611691
243 0.9993459837779584 0.897260716633914 0.041121078672206025
244 0.9993438193608244 0.894976049189207 0.03850950841573487
245 0.9993635461313977 0.9093722084714092 0.0385230546774583
246 0.998417298814875 0.8853048479481613 0.02934497755137692
247 0.9990429001867469 0.8710930789207338 0.03847834619096742
248 0.9989823039125564 0.9181092258605371 0.03903473411543185
249 0.99823721443537 0.9052219505339462 0.03845954673807558
250 0.9988728952245102 0.90109914075692 0.03840495836459714
251 0.9983040633489147 0.9041168189481315 0.03890741417510369
252 0.9983968174187984 0.9054158600063329 0.03888234151441327
253 0.9982456182140319 0.909426268647504 0.0396232883084466
254 0.9990516934253307 0.8923487996542177 0.03851049239470831
255 0.9990516934253307 0.909100709588913 0.038378825379958466
256 0.9985666368196904 0.9143264220916888 0.038955270108158725
257 0.9986626747056708 0.8779652919755615 0.0386666619321251
258 0.9986810026455729 0.8748394303328467 0.03847914203708821
259 0.99973132453207 0.8923212266865164 0.12040811368384703
260 0.9986560138117534 0.8632344092696232 0.03116831109331806
261 0.99926199170381 0.9098263976816903 0.038573879568415285
262 0.9995762798696072 0.9023355407291307 0.03848184833460421
263 0.9997121404168032 0.8939527565257951 0.038290540379052544
264 0.9997119737568114 0.8990907560917656 0.03848983811655528
265 0.9997930775270388 0.9082971029724143 0.03139007595152649
266 0.9995786871402775 0.9028389102349094 0.03865735787607438
267 0.9995947970389293 0.9010248994147545 0.038411208348465856
268 0.9995972924723378 0.9157767416099505 0.036807278158681116
269 0.999681802510885 0.8755988965938805 0.03830069564153611
270 0.999592646978766 0.9038261554406501 0.03861279362911315
271 0.9982757265663184 0.9272003257680308 0.03850465966294696
272 0.9995953669202875 0.898164693102964 0.03802231069985371
273 0.9996984970527609 0.8979586075657867 0.0385188223457093
274 0.9990756741435692 0.899954360683956 0.0385618370474699
275 0.9982584331808793 0.8980924934036953 0.03866075759314473
276 0.9980025144919874 0.9030359569030704 0.038890921281297265
277 0.9992265209843052 0.9176078171468071 0.03888522021520398
278 0.9992272655795679 0.8993327883206778 0.03866003363038077
279 0.9994589480938578 0.88479264067953 0.038439047469847394
280 0.9987615177952156 0.9184316855109433 0.03862973823350703
281 0.9993671209589164 0.9222556255395774 0.03860703514055447
282 0.9993414461094899 0.9096091866441242 0.03850023914212544
283 0.9992189386587864 0.9105252543728954 0.038356835062669146
284 0.9992311823862691 0.9089683230842796 0.038668855943694395
285 0.9996958314620104 0.915862330763574 0.036521669137701725
286 0.9996988168588055 0.902478489841815 0.041515134805463504
287 0.9995352435947067 0.9065483785864921 0.03852047538436289
288 0.9991005824600524 0.9150265337910638 0.12304800049738056
289 0.9994947241440589 0.8851968469826101 0.020671987456097187
290 0.9990758769860459 0.9168903919606166 0.03869126838577617
291 0.9996046892273353 0.9106514102640106 0.038552817943759476
292 0.9995984703758277 0.9139183749316351 0.03866444973203132
293 0.9996143334440086 0.9321638925180956 0.03919325294325553
294 0.9991601800484033 0.918855100488837 0.03851725492944032
295 0.9983542476879863 0.9315265877574208 0.03863457031129527
296 0.9983175395663464 0.9167045809380775 0.038617016405574765
297 0.99803995809924 0.9276736096668904 0.030945392147874406
298 0.9992369331379573 0.936345890889244 0.038496772285599994
299 0.999416494888246 0.9246424839690937 0.039187454838616756
300 0.9994170212562368 0.9226358666827528 0.038769422553719554
301 0.9994003998839147 0.9242327784712103 0.038756758037229874
302 0.9994482632585892 0.9047815992001006 0.03853568149865843
303 0.999561892054246 0.8801970103512882 0.03847961645770002
304 0.9995605728234774 0.9029721551669735 0.03693254252589498
305 0.9995605308622428 0.9149395005759822 0.03613784628497038
306 0.9992679258014631 0.9227401184783232 0.01971927179737803
307 0.9994301262943363 0.9344229424426264 0.038471884775379515
308 0.9994298156007088 0.9294440320657312 0.03881246030711369
309 0.9993594048656206 0.9139584936796236 0.03846483967117997
310 0.9997093994408331 0.914216052280378 0.02028466818725595
311 0.9995358956235915 0.9212098060496661 0.036178405668637253
312 0.99953714570834 0.9176026044844932 0.039109698754228275
313 0.9996056367449342 0.9385972045979394 0.13640266465088266
314 0.9991806282213778 0.9139837449701932 0.03849790749326887
315 0.9994088720726513 0.9158380689794378 0.03896332976997587
316 0.9994088720726513 0.9192950055391661 0.038492887241312
317 0.9985265484533141 0.9128813742927282 0.03602447787276332
318 0.9997241909959942 0.9246859504772101 0.03850282527850697
319 0.9995585947256574 0.9162829361824992 0.0386157238709702
320 0.999564650499926 0.9250252250987326 0.0387288204336577
321 0.9992778381057974 0.9061970781190396 0.03874125381831338
322 0.9992517029665083 0.9078722832274347 0.03874151918596796
323 0.9992629110958379 0.9292808657282638 0.03857657499191083
324 0.999396328534446 0.8993319548457748 0.031130180156527958
325 0.9981437182061154 0.8942049522775288 0.04110606341533379
326 0.9991530699594059 0.9017804609957437 0.038660913742342005
327 0.998405403258605 0.9092503079557843 0.03864544936671203
328 0.9984771471223509 0.9236309458549141 0.03850741803218259
329 0.9983781541904725 0.9218750558855823 0.03871590459046295
330 0.9997133542941897 0.896907503876525 0.03868382409655958
331 0.9990243757142548 0.9158556510245284 0.041311673778422056
332 0.9992723030298154 0.9179567519482268 0.0386948129053865
333 0.999272205506497 0.9247080540975745 0.1256460497918048
334 0.999499200416763 0.9117874137255829 0.03840564459850423
335 0.999633022628537 0.8887163199384915 0.03825747814728895
336 0.9997705342969713 0.883309361636801 0.037933593556702706
337 0.9995614524969849 0.9241063885608817 0.038541048089904745
338 0.999585350235618 0.8872291920510768 0.0386919980319902
339 0.999051485334923 0.8833613945779242 0.020261831831348703
340 0.9977341824570378 0.8965691059996349 0.03803031982594495
341 0.9975572625229915 0.9009006129786205 0.03828511685780144
342 0.997418120011829 0.9102219140971815 0.03827770593889792
343 0.9998525007450617 0.9054296167781843 0.038585236249162366
344 0.9973756623381879 0.8941783049664755 0.038259079565517495
345 0.9977620119222765 0.9024591980652289 0.03838837344403305
346 0.9979614985485671 0.904757133616489 0.03867699392188656
347 0.9973513688234225 0.8966570626501549 0.038829617420257985
348 0.9977139762838776 0.8987792468037575 0.03952447135087218
349 0.9973452721295398 0.9068573424036183 0.038863032179968796
350 0.9977835830765538 0.9032391348360456 0.04398860624487904
351 0.9977897244122168 0.9229861291477599 0.13190622348947018
352 0.9971731389320512 0.888838129802145 0.03870062718466859
353 0.9974318039321367 0.9112969188901019 0.13188604738913356
354 0.9980818204368187 0.8918101056909431 0.038699336299889184
355 0.9970016481666066 0.8877440515305014 0.038653743077388066
356 0.9976380255145897 0.8579575009680501 0.030493510152462194
357 0.9995038530616867 0.8945235241544374 0.03846600122789737
358 0.9996620762728025 0.9131239213645425 0.1364278285693123
359 0.9991163285490842 0.8866365881832836 0.038737626852869855
360 0.9991328066636592 0.9190189726511508 0.039897369654718164
361 0.998483568905791 0.8969430250437559 0.03856658834196131
362 0.9997275121504576 0.8976391897924634 0.03972213532924997
363 0.9996449208818302 0.8788293349949893 0.03830526164949747
364 0.9996357808806783 0.9011431200177097 0.03827314065212933
365 0.9988943839571 0.9000013971787268 0.039417758130395934
366 0.997400320213277 0.8962274615392423 0.037037235079012513
367 0.9980420579683027 0.8939031228713139 0.0388377609665011
368 0.9968613144848552 0.9028332133394252 0.03846919185226155
369 0.9965885395911418 0.9137752979036656 0.019817614134848872
370 0.9973318428026877 0.942098221376313 0.038617625873570094
371 0.9973370426722421 0.934538166635524 0.04051273245329561
372 0.9982320792795125 0.9216170321022868 0.038282220202668374
373 0.9978474440286004 0.9282568070832308 0.03845870355815642
374 0.9980126540222174 0.9339935688761833 0.03849534560200756
375 0.9981126122080702 0.915094593023355 0.03865308738170389
376 0.9977691536841159 0.916883001545094 0.03857310878209164
377 0.9967602457180815 0.8950411846662907 0.03895860642213163
378 0.9994613662010472 0.9067050534978277 0.038535036408254626
379 0.9968297544671323 0.9036212297574738 0.03847778102872799
380 0.9967761174349279 0.9229969080568897 0.03996491336167643
381 0.9982548388507567 0.8753596554260095 0.03845068565190895
382 0.9992680386788065 0.9120585543994656 0.03873435176129855
383 0.9984052025066693 0.907241580206854 0.038601425644991284
384 0.9984054868851917 0.9056511011867966 0.03901586540183893
385 0.9986017620889696 0.8861435460695705 0.038579507113000726
386 0.9984016373613323 0.8552648557450203 0.0386238262829427
387 0.9977272655319714 0.8826498492257003 0.03877235833293476
388 0.9984331862352749 0.8890868164460797 0.03936438795053985
389 0.9980807448518062 0.9082211184353308 0.03857833364606993
390 0.9974337778239963 0.898850754781072 0.03849247364544881
391 0.99843382739886 0.8972686953298347 0.03858442109031102
392 0.9984508138356486 0.9056685419142118 0.038773800263357465
393 0.9989266833618229 0.9048663671944155 0.03888994566952036
394 0.9990313306226475 0.8916077295662734 0.038734101949846646
395 0.9991719420671042 0.8895451508931111 0.030912894436195954
396 0.9991726298073231 0.92551092452573 0.038687120824922365
397 0.9991846643739786 0.894589549777465 0.03847761347037732
398 0.9992286689985718 0.9177393985492774 0.03842604778132795
399 0.9991094921928885 0.9020259294221132 0.03834030122604192
400 0.998726176934972 0.900952150661768 0.03866917428556449
401 0.9987639490227197 0.8937725361911162 0.038880337086523886
402 0.9987571175937981 0.8916779611284134 0.12855884910484425
403 0.998502015610997 0.8848801211870433 0.03959024129281468
404 0.999157237346271 0.8927886154418665 0.03994050760701047
405 0.9989835513142984 0.8837214504505991 0.0380728434510152
406 0.998879399418592 0.8986813831871049 0.03868068989728763
407 0.9979086774723605 0.8837566796891977 0.03851698756031496
408 0.9979086975001573 0.89567202432573 0.03890169198023943
409 0.9982743480334619 0.8676174710566242 0.03872888593213475
410 0.9982742602360969 0.877403091953785 0.03676489035150457
411 0.9985923786354448 0.8871437548361761 0.03893884291491058
412 0.9990704953316711 0.9007959720031935 0.04033801006545105
413 0.9986888181591804 0.8818160787895049 0.03823716332090984
414 0.9991052865657248 0.9198689386901581 0.03842891482217258
415 0.9990917877855733 0.9215564798519277 0.03846443780474856
416 0.9989776370290244 0.9220197667049252 0.03846444194073979
417 0.9991800209648463 0.9125039236776833 0.03882304100214705
418 0.9991800343148851 0.9135835304867389 0.03923223023888646
419 0.9988562492583899 0.9310575677377224 0.04162742722733046
420 0.9991196879420164 0.9321655216911674 0.0386122462670343
421 0.9986016350622456 0.9321371682411242 0.13178413800855912
422 0.9985739866461191 0.9094595672319942 0.03874695290186259
423 0.9987993036240647 0.9059526261942227 0.03856821022817552
424 0.9985484196935756 0.8864385901651083 0.03865330711554579
425 0.9978843996377652 0.889303058605676 0.03816953943595665
426 0.9984351773402587 0.8863054352641707 0.03883270178346002
427 0.9979043720479909 0.8952880009194231 0.03886902363332236
428 0.9980466206025923 0.9076309687757177 0.13256273525709647
429 0.9973619183933571 0.8978571904170463 0.0385346507960507
430 0.9979394678452023 0.9260188716474596 0.03863103680723355
431 0.9964336958612947 0.9251212628554458 0.037432675583006836
432 0.9965826058180494 0.8851408165897705 0.03821458582469868
433 0.998856239089162 0.8819722938544673 0.03839840213986687
434 0.9969056058150226 0.8606251329258207 0.038621208763984866
435 0.9968281761868049 0.8787723733202504 0.0392824183118858
436 0.9974188154787115 0.8782208130140262 0.03853166085515292
437 0.9979166340465176 0.9026827573265463 0.03657366171983903
438 0.9991508562790458 0.8877242900504396 0.038760558544046864
439 0.9978751965725995 0.91159911219088 0.040191590185445714
440 0.9990355952049665 0.8914255020786765 0.03918986052351605
441 0.9979934140230458 0.8959403213305996 0.03857881609996675
442 0.9982658252688313 0.8933356190187003 0.03682301040401048
443 0.9992041183488375 0.9058508660238672 0.038015107532534356
444 0.9977991706665708 0.8862428181283767 0.03908621174524224
445 0.99812130946316 0.8958174187937454 0.03887631345401605
446 0.99792672696512 0.887201098022277 0.035310219783908955
447 0.9979237680520351 0.9037671316505722 0.0382303472357325
448 0.9970989815362418 0.9044479713785389 0.03922954756207594
449 0.9987422587272726 0.9156081494411871 0.03922266813565761
450 0.9989128683604904 0.920457114626968 0.041317410891691234
451 0.9984806342350343 0.9214904199568579 0.03862503441545289
452 0.998569887924603 0.9017595562682369 0.03850053811142567
453 0.9985214872488974 0.8873030177344191 0.030938126892083785
454 0.9977121602766528 0.8984314656555367 0.03867566124422548
455 0.9973062000478584 0.8856319320919183 0.03899711973605616
456 0.9983443056868846 0.9040501754311225 0.038619976711633835
457 0.9984792562811139 0.9205242642492939 0.03939433881050125
458 0.9968806891139215 0.8916478286671975 0.03882936586611718
459 0.9966936773658627 0.8903062909927749 0.03837947597264054
460 0.997981380757394 0.9090515593802294 0.03870810716686416
461 0.9969048655410071 0.8989002276265516 0.0385337351605699
462 0.9978035441851271 0.8907926886777033 0.03889243701986187
463 0.9978664605163647 0.884061974749109 0.038569049718527905
464 0.9978002562349692 0.9061590318923355 0.038594566706625255
465 0.997801755627116 0.87498500113816 0.039642461606453655
466 0.9972622245516214 0.8892513564306858 0.038618778700085094
467 0.9968503320718786 0.8758207328023268 0.03866207881618204
468 0.9974130231699515 0.8765672696693154 0.038776023545946385
469 0.9959620130127703 0.8735070371642787 0.03071439971566408
470 0.997591533371965 0.8789794739980842 0.03880966695628093
471 0.9976114385669398 0.8761788923906026 0.04003099595130555
472 0.9976115031339537 0.8767914838276094 0.03889937567904696
473 0.9962054185582019 0.868041393245646 0.040255313626169444
474 0.996158069238779 0.8690533571758985 0.036003605315064656
475 0.9976997102898912 0.8569676370728512 0.031566507041096245
476 0.9984824190622527 0.8677027739372523 0.03901104982865876
477 0.9953290630860222 0.8734368834085505 0.038603899745074624
478 0.9985255367035398 0.8773588311183549 0.04109262742932067
479 0.9985274318002476 0.8766928650421687 0.03844209947702807
480 0.9966294604894228 0.8865117550111629 0.03847421630915883
481 0.9976349471351911 0.8876946155438321 0.03845132560097587
482 0.9990130629758949 0.8723922806517842 0.037827241936150995
483 0.9988890421402976 0.8818964594836166 0.038495494534165155
484 0.9996461874755983 0.8809120675909375 0.03847588655099729
485 0.9979840366790766 0.877940821116047 0.03850218617749121
486 0.9986623529155016 0.8910686323297344 0.040511662212244885
487 0.9975894339963826 0.9066701930402832 0.332645545773032
488 0.9939446346849852 0.8655477676074962 0.0377483850118419
489 0.9945458642352553 0.886217321121823 0.03956191974930355
490 0.99600457526207 0.8857026556536249 0.039326891408260616
491 0.9969932497438838 0.8684308104138657 0.03851158800669382
492 0.9966838885588509 0.8764283459326223 0.038517640550628486
493 0.996987743308973 0.9046653287991575 0.038002010460284875
494 0.9956672814051721 0.9067742527870208 0.04027292297001166
495 0.9964667003520404 0.9093921889232678 0.03953524003185086
496 0.9973010091508206 0.8866625565600337 0.03853044794695241
497 0.9968188878224171 0.8930231605860643 0.03886214258363808
498 0.9969981260390219 0.8974101057641595 0.04089154573443931
499 0.9959536417059153 0.881315886398048 0.03921793802444393
